100
4572049
9999929
8697851
4461641
5
9999995
9999998
3855409
8248729
9999996
9999997
2610613
390548
1264969
3323191
12
5331653
1507483
2044523
1481717
6
2
9999973
1750607
2360890
5388168
9999161
7762723
1
559513
9999991
6987083
8873129
4751053
7742461
6537523
3877633
9999972
9999931
9516811
8460583
10
9999999
4461642
7203246
140839
5094841
8237213
3702389
9010879
1862603
1221469
592432
7551991
9999971
4461643
4936439
6704676
2896297
3132736
4046177
7
9999930
6716541
5001361
8763892
3929879
928009
3191803
8291470
3023326
6697461
3410821
86293
1144
6865010
6513281
9999162
9
4
9987391
8184167
4170220
9971849
10000000
8
8603593
1281246
7783893
11
1403870
5462959
9999163
9325574
615403
9309119
2196613
13
4125389
3
